============================================================
Program for calculation of partial differential equations.  
============================================================
(c) Dr. Thomas Ludwig, TU München.
    Thomas A. Zochler, TU München.
    Andreas C. Schmidt, TU München.
============================================================

Berechnungszeit:    73.469231 s 
Speicherbedarf:     19.751595 MiB
Berechnungsmethode: Gauss-Seidel
Interlines:         200
Stoerfunktion:      f(x,y) = 0
Terminierung:       Hinreichende Genaugkeit
Anzahl Iterationen: 9788
Norm des Fehlers:   3.344975e-05

Matrix:
 1.0000 0.8750 0.7500 0.6250 0.5000 0.3750 0.2500 0.1250 0.0000
 0.8750 0.0738 0.0325 0.0271 0.0217 0.0162 0.0108 0.0105 0.1250
 0.7500 0.0325 0.0001 0.0000 0.0000 0.0000 0.0000 0.0103 0.2500
 0.6250 0.0271 0.0000 0.0000 0.0000 0.0000 0.0000 0.0154 0.3750
 0.5000 0.0217 0.0000 0.0000 0.0000 0.0000 0.0000 0.0205 0.5000
 0.3750 0.0162 0.0000 0.0000 0.0000 0.0000 0.0000 0.0257 0.6250
 0.2500 0.0108 0.0000 0.0000 0.0000 0.0000 0.0001 0.0309 0.7500
 0.1250 0.0105 0.0103 0.0154 0.0205 0.0257 0.0309 0.0703 0.8750
 0.0000 0.1250 0.2500 0.3750 0.5000 0.6250 0.7500 0.8750 1.0000
============================================================
Program for calculation of partial differential equations.  
============================================================
(c) Dr. Thomas Ludwig, TU München.
    Thomas A. Zochler, TU München.
    Andreas C. Schmidt, TU München.
============================================================

Berechnungszeit:    78.334662 s 
Speicherbedarf:     19.751595 MiB
Berechnungsmethode: Gauss-Seidel
Interlines:         200
Stoerfunktion:      f(x,y) = 0
Terminierung:       Hinreichende Genaugkeit
Anzahl Iterationen: 9789
Norm des Fehlers:   3.344615e-05

Matrix:
 1.0000 0.8750 0.7500 0.6250 0.5000 0.3750 0.2500 0.1250 0.0000
 0.8750 0.0738 0.0325 0.0271 0.0217 0.0163 0.0109 0.0106 0.1250
 0.7500 0.0325 0.0001 0.0000 0.0000 0.0000 0.0000 0.0103 0.2500
 0.6250 0.0271 0.0000 0.0000 0.0000 0.0000 0.0000 0.0154 0.3750
 0.5000 0.0217 0.0000 0.0000 0.0000 0.0000 0.0000 0.0205 0.5000
 0.3750 0.0163 0.0000 0.0000 0.0000 0.0000 0.0000 0.0257 0.6250
 0.2500 0.0109 0.0000 0.0000 0.0000 0.0000 0.0001 0.0309 0.7500
 0.1250 0.0106 0.0103 0.0154 0.0205 0.0257 0.0309 0.0703 0.8750
 0.0000 0.1250 0.2500 0.3750 0.5000 0.6250 0.7500 0.8750 1.0000
============================================================
Program for calculation of partial differential equations.  
============================================================
(c) Dr. Thomas Ludwig, TU München.
    Thomas A. Zochler, TU München.
    Andreas C. Schmidt, TU München.
============================================================

Berechnungszeit:    97.130603 s 
Speicherbedarf:     19.751595 MiB
Berechnungsmethode: Gauss-Seidel
Interlines:         200
Stoerfunktion:      f(x,y) = 0
Terminierung:       Hinreichende Genaugkeit
Anzahl Iterationen: 9791
Norm des Fehlers:   3.343896e-05

Matrix:
 1.0000 0.8750 0.7500 0.6250 0.5000 0.3750 0.2500 0.1250 0.0000
 0.8750 0.0738 0.0325 0.0271 0.0217 0.0163 0.0109 0.0106 0.1250
 0.7500 0.0325 0.0001 0.0000 0.0000 0.0000 0.0000 0.0103 0.2500
 0.6250 0.0271 0.0000 0.0000 0.0000 0.0000 0.0000 0.0154 0.3750
 0.5000 0.0217 0.0000 0.0000 0.0000 0.0000 0.0000 0.0206 0.5000
 0.3750 0.0163 0.0000 0.0000 0.0000 0.0000 0.0000 0.0257 0.6250
 0.2500 0.0109 0.0000 0.0000 0.0000 0.0000 0.0001 0.0309 0.7500
 0.1250 0.0106 0.0103 0.0154 0.0206 0.0257 0.0309 0.0704 0.8750
 0.0000 0.1250 0.2500 0.3750 0.5000 0.6250 0.7500 0.8750 1.0000
