============================================================
Program for calculation of partial differential equations.  
============================================================
(c) Dr. Thomas Ludwig, TU München.
    Thomas A. Zochler, TU München.
    Andreas C. Schmidt, TU München.
============================================================

Berechnungszeit:    107.227587 s 
Speicherbedarf:     19.751595 MiB
Berechnungsmethode: Gauss-Seidel
Interlines:         200
Stoerfunktion:      f(x,y) = 0
Terminierung:       Hinreichende Genaugkeit
Anzahl Iterationen: 9785
Norm des Fehlers:   3.346054e-05

Matrix:
 1.0000 0.8750 0.7500 0.6250 0.5000 0.3750 0.2500 0.1250 0.0000
 0.8750 0.0737 0.0325 0.0270 0.0216 0.0162 0.0108 0.0105 0.1250
 0.7500 0.0325 0.0001 0.0000 0.0000 0.0000 0.0000 0.0103 0.2500
 0.6250 0.0270 0.0000 0.0000 0.0000 0.0000 0.0000 0.0154 0.3750
 0.5000 0.0216 0.0000 0.0000 0.0000 0.0000 0.0000 0.0205 0.5000
 0.3750 0.0162 0.0000 0.0000 0.0000 0.0000 0.0000 0.0257 0.6250
 0.2500 0.0108 0.0000 0.0000 0.0000 0.0000 0.0001 0.0308 0.7500
 0.1250 0.0105 0.0103 0.0154 0.0205 0.0257 0.0308 0.0703 0.8750
 0.0000 0.1250 0.2500 0.3750 0.5000 0.6250 0.7500 0.8750 1.0000
============================================================
Program for calculation of partial differential equations.  
============================================================
(c) Dr. Thomas Ludwig, TU München.
    Thomas A. Zochler, TU München.
    Andreas C. Schmidt, TU München.
============================================================

Berechnungszeit:    111.389520 s 
Speicherbedarf:     19.751595 MiB
Berechnungsmethode: Gauss-Seidel
Interlines:         200
Stoerfunktion:      f(x,y) = 0
Terminierung:       Hinreichende Genaugkeit
Anzahl Iterationen: 9786
Norm des Fehlers:   3.345695e-05

Matrix:
 1.0000 0.8750 0.7500 0.6250 0.5000 0.3750 0.2500 0.1250 0.0000
 0.8750 0.0737 0.0325 0.0270 0.0216 0.0162 0.0108 0.0105 0.1250
 0.7500 0.0325 0.0001 0.0000 0.0000 0.0000 0.0000 0.0103 0.2500
 0.6250 0.0270 0.0000 0.0000 0.0000 0.0000 0.0000 0.0154 0.3750
 0.5000 0.0216 0.0000 0.0000 0.0000 0.0000 0.0000 0.0205 0.5000
 0.3750 0.0162 0.0000 0.0000 0.0000 0.0000 0.0000 0.0257 0.6250
 0.2500 0.0108 0.0000 0.0000 0.0000 0.0000 0.0001 0.0308 0.7500
 0.1250 0.0105 0.0103 0.0154 0.0205 0.0257 0.0308 0.0703 0.8750
 0.0000 0.1250 0.2500 0.3750 0.5000 0.6250 0.7500 0.8750 1.0000
============================================================
Program for calculation of partial differential equations.  
============================================================
(c) Dr. Thomas Ludwig, TU München.
    Thomas A. Zochler, TU München.
    Andreas C. Schmidt, TU München.
============================================================

Berechnungszeit:    114.768617 s 
Speicherbedarf:     19.751595 MiB
Berechnungsmethode: Gauss-Seidel
Interlines:         200
Stoerfunktion:      f(x,y) = 0
Terminierung:       Hinreichende Genaugkeit
Anzahl Iterationen: 9784
Norm des Fehlers:   3.346414e-05

Matrix:
 1.0000 0.8750 0.7500 0.6250 0.5000 0.3750 0.2500 0.1250 0.0000
 0.8750 0.0737 0.0325 0.0270 0.0216 0.0162 0.0108 0.0105 0.1250
 0.7500 0.0325 0.0001 0.0000 0.0000 0.0000 0.0000 0.0103 0.2500
 0.6250 0.0270 0.0000 0.0000 0.0000 0.0000 0.0000 0.0154 0.3750
 0.5000 0.0216 0.0000 0.0000 0.0000 0.0000 0.0000 0.0205 0.5000
 0.3750 0.0162 0.0000 0.0000 0.0000 0.0000 0.0000 0.0257 0.6250
 0.2500 0.0108 0.0000 0.0000 0.0000 0.0000 0.0001 0.0308 0.7500
 0.1250 0.0105 0.0103 0.0154 0.0205 0.0257 0.0308 0.0703 0.8750
 0.0000 0.1250 0.2500 0.3750 0.5000 0.6250 0.7500 0.8750 1.0000
