============================================================
Program for calculation of partial differential equations.  
============================================================
(c) Dr. Thomas Ludwig, TU München.
    Thomas A. Zochler, TU München.
    Andreas C. Schmidt, TU München.
============================================================

Berechnungszeit:    44.034330 s 
Speicherbedarf:     9.986588 MiB
Berechnungsmethode: Jacobi
Interlines:         100
Stoerfunktion:      f(x,y) = 2pi^2*sin(pi*x)sin(pi*y)
Terminierung:       Anzahl der Iterationen
Anzahl Iterationen: 1500
Norm des Fehlers:   7.473538e-06

Matrix:
 0.0000 0.0000 0.0000 0.0000 0.0000 0.0000 0.0000 0.0000 0.0000
 0.0000 0.0017 0.0031 0.0040 0.0043 0.0040 0.0031 0.0017 0.0000
 0.0000 0.0031 0.0056 0.0074 0.0080 0.0074 0.0056 0.0031 0.0000
 0.0000 0.0040 0.0074 0.0096 0.0104 0.0096 0.0074 0.0040 0.0000
 0.0000 0.0043 0.0080 0.0104 0.0113 0.0104 0.0080 0.0043 0.0000
 0.0000 0.0040 0.0074 0.0096 0.0104 0.0096 0.0074 0.0040 0.0000
 0.0000 0.0031 0.0056 0.0074 0.0080 0.0074 0.0056 0.0031 0.0000
 0.0000 0.0017 0.0031 0.0040 0.0043 0.0040 0.0031 0.0017 0.0000
 0.0000 0.0000 0.0000 0.0000 0.0000 0.0000 0.0000 0.0000 0.0000
============================================================
Program for calculation of partial differential equations.  
============================================================
(c) Dr. Thomas Ludwig, TU München.
    Thomas A. Zochler, TU München.
    Andreas C. Schmidt, TU München.
============================================================

Berechnungszeit:    44.398750 s 
Speicherbedarf:     9.986588 MiB
Berechnungsmethode: Jacobi
Interlines:         100
Stoerfunktion:      f(x,y) = 2pi^2*sin(pi*x)sin(pi*y)
Terminierung:       Anzahl der Iterationen
Anzahl Iterationen: 1500
Norm des Fehlers:   7.473538e-06

Matrix:
 0.0000 0.0000 0.0000 0.0000 0.0000 0.0000 0.0000 0.0000 0.0000
 0.0000 0.0017 0.0031 0.0040 0.0043 0.0040 0.0031 0.0017 0.0000
 0.0000 0.0031 0.0056 0.0074 0.0080 0.0074 0.0056 0.0031 0.0000
 0.0000 0.0040 0.0074 0.0096 0.0104 0.0096 0.0074 0.0040 0.0000
 0.0000 0.0043 0.0080 0.0104 0.0113 0.0104 0.0080 0.0043 0.0000
 0.0000 0.0040 0.0074 0.0096 0.0104 0.0096 0.0074 0.0040 0.0000
 0.0000 0.0031 0.0056 0.0074 0.0080 0.0074 0.0056 0.0031 0.0000
 0.0000 0.0017 0.0031 0.0040 0.0043 0.0040 0.0031 0.0017 0.0000
 0.0000 0.0000 0.0000 0.0000 0.0000 0.0000 0.0000 0.0000 0.0000
============================================================
Program for calculation of partial differential equations.  
============================================================
(c) Dr. Thomas Ludwig, TU München.
    Thomas A. Zochler, TU München.
    Andreas C. Schmidt, TU München.
============================================================

Berechnungszeit:    44.017323 s 
Speicherbedarf:     9.986588 MiB
Berechnungsmethode: Jacobi
Interlines:         100
Stoerfunktion:      f(x,y) = 2pi^2*sin(pi*x)sin(pi*y)
Terminierung:       Anzahl der Iterationen
Anzahl Iterationen: 1500
Norm des Fehlers:   7.473538e-06

Matrix:
 0.0000 0.0000 0.0000 0.0000 0.0000 0.0000 0.0000 0.0000 0.0000
 0.0000 0.0017 0.0031 0.0040 0.0043 0.0040 0.0031 0.0017 0.0000
 0.0000 0.0031 0.0056 0.0074 0.0080 0.0074 0.0056 0.0031 0.0000
 0.0000 0.0040 0.0074 0.0096 0.0104 0.0096 0.0074 0.0040 0.0000
 0.0000 0.0043 0.0080 0.0104 0.0113 0.0104 0.0080 0.0043 0.0000
 0.0000 0.0040 0.0074 0.0096 0.0104 0.0096 0.0074 0.0040 0.0000
 0.0000 0.0031 0.0056 0.0074 0.0080 0.0074 0.0056 0.0031 0.0000
 0.0000 0.0017 0.0031 0.0040 0.0043 0.0040 0.0031 0.0017 0.0000
 0.0000 0.0000 0.0000 0.0000 0.0000 0.0000 0.0000 0.0000 0.0000
