============================================================
Program for calculation of partial differential equations.  
============================================================
(c) Dr. Thomas Ludwig, TU München.
    Thomas A. Zochler, TU München.
    Andreas C. Schmidt, TU München.
============================================================

Berechnungszeit:    0.140703 s 
Speicherbedarf:     0.009537 MiB
Berechnungsmethode: Jacobi
Interlines:         2
Stoerfunktion:      f(x,y) = 2pi^2*sin(pi*x)sin(pi*y)
Terminierung:       Anzahl der Iterationen
Anzahl Iterationen: 17140
Norm des Fehlers:   0.000000e+00

Matrix:
 0.0000 0.0000 0.0000 0.0000 0.0000 0.0000 0.0000 0.0000 0.0000
 0.0000 0.1467 0.2710 0.3541 0.3832 0.3541 0.2710 0.1467 0.0000
 0.0000 0.2710 0.5007 0.6542 0.7081 0.6542 0.5007 0.2710 0.0000
 0.0000 0.3541 0.6542 0.8548 0.9252 0.8548 0.6542 0.3541 0.0000
 0.0000 0.3832 0.7081 0.9252 1.0014 0.9252 0.7081 0.3832 0.0000
 0.0000 0.3541 0.6542 0.8548 0.9252 0.8548 0.6542 0.3541 0.0000
 0.0000 0.2710 0.5007 0.6542 0.7081 0.6542 0.5007 0.2710 0.0000
 0.0000 0.1467 0.2710 0.3541 0.3832 0.3541 0.2710 0.1467 0.0000
 0.0000 0.0000 0.0000 0.0000 0.0000 0.0000 0.0000 0.0000 0.0000
