============================================================
Program for calculation of partial differential equations.  
============================================================
(c) Dr. Thomas Ludwig, TU München.
    Thomas A. Zochler, TU München.
    Andreas C. Schmidt, TU München.
============================================================

Berechnungszeit:    3.925943 s 
Speicherbedarf:     1.071548 MiB
Berechnungsmethode: Jacobi
Interlines:         32
Stoerfunktion:      f(x,y) = 2pi^2*sin(pi*x)sin(pi*y)
Terminierung:       Anzahl der Iterationen
Anzahl Iterationen: 17140
Norm des Fehlers:   2.103894e-05

Matrix:
 0.0000 0.0000 0.0000 0.0000 0.0000 0.0000 0.0000 0.0000 0.0000
 0.0000 0.1029 0.1902 0.2485 0.2690 0.2485 0.1902 0.1029 0.0000
 0.0000 0.1902 0.3514 0.4592 0.4970 0.4592 0.3514 0.1902 0.0000
 0.0000 0.2485 0.4592 0.6000 0.6494 0.6000 0.4592 0.2485 0.0000
 0.0000 0.2690 0.4970 0.6494 0.7029 0.6494 0.4970 0.2690 0.0000
 0.0000 0.2485 0.4592 0.6000 0.6494 0.6000 0.4592 0.2485 0.0000
 0.0000 0.1902 0.3514 0.4592 0.4970 0.4592 0.3514 0.1902 0.0000
 0.0000 0.1029 0.1902 0.2485 0.2690 0.2485 0.1902 0.1029 0.0000
 0.0000 0.0000 0.0000 0.0000 0.0000 0.0000 0.0000 0.0000 0.0000
