============================================================
Program for calculation of partial differential equations.  
============================================================
(c) Dr. Thomas Ludwig, TU München.
    Thomas A. Zochler, TU München.
    Andreas C. Schmidt, TU München.
============================================================

Berechnungszeit:    0.454362 s 
Speicherbedarf:     0.081314 MiB
Berechnungsmethode: Jacobi
Interlines:         8
Stoerfunktion:      f(x,y) = 2pi^2*sin(pi*x)sin(pi*y)
Terminierung:       Anzahl der Iterationen
Anzahl Iterationen: 17140
Norm des Fehlers:   7.776579e-11

Matrix:
 0.0000 0.0000 0.0000 0.0000 0.0000 0.0000 0.0000 0.0000 0.0000
 0.0000 0.1465 0.2706 0.3536 0.3827 0.3536 0.2706 0.1465 0.0000
 0.0000 0.2706 0.5001 0.6534 0.7072 0.6534 0.5001 0.2706 0.0000
 0.0000 0.3536 0.6534 0.8537 0.9240 0.8537 0.6534 0.3536 0.0000
 0.0000 0.3827 0.7072 0.9240 1.0002 0.9240 0.7072 0.3827 0.0000
 0.0000 0.3536 0.6534 0.8537 0.9240 0.8537 0.6534 0.3536 0.0000
 0.0000 0.2706 0.5001 0.6534 0.7072 0.6534 0.5001 0.2706 0.0000
 0.0000 0.1465 0.2706 0.3536 0.3827 0.3536 0.2706 0.1465 0.0000
 0.0000 0.0000 0.0000 0.0000 0.0000 0.0000 0.0000 0.0000 0.0000
