============================================================
Program for calculation of partial differential equations.  
============================================================
(c) Dr. Thomas Ludwig, TU München.
    Thomas A. Zochler, TU München.
    Andreas C. Schmidt, TU München.
============================================================

Berechnungszeit:    1.178922 s 
Speicherbedarf:     0.286392 MiB
Berechnungsmethode: Jacobi
Interlines:         16
Stoerfunktion:      f(x,y) = 2pi^2*sin(pi*x)sin(pi*y)
Terminierung:       Anzahl der Iterationen
Anzahl Iterationen: 17140
Norm des Fehlers:   2.754834e-06

Matrix:
 0.0000 0.0000 0.0000 0.0000 0.0000 0.0000 0.0000 0.0000 0.0000
 0.0000 0.1449 0.2678 0.3499 0.3787 0.3499 0.2678 0.1449 0.0000
 0.0000 0.2678 0.4949 0.6466 0.6998 0.6466 0.4949 0.2678 0.0000
 0.0000 0.3499 0.6466 0.8448 0.9144 0.8448 0.6466 0.3499 0.0000
 0.0000 0.3787 0.6998 0.9144 0.9897 0.9144 0.6998 0.3787 0.0000
 0.0000 0.3499 0.6466 0.8448 0.9144 0.8448 0.6466 0.3499 0.0000
 0.0000 0.2678 0.4949 0.6466 0.6998 0.6466 0.4949 0.2678 0.0000
 0.0000 0.1449 0.2678 0.3499 0.3787 0.3499 0.2678 0.1449 0.0000
 0.0000 0.0000 0.0000 0.0000 0.0000 0.0000 0.0000 0.0000 0.0000
