============================================================
Program for calculation of partial differential equations.  
============================================================
(c) Dr. Thomas Ludwig, TU München.
    Thomas A. Zochler, TU München.
    Andreas C. Schmidt, TU München.
============================================================

Berechnungszeit:    14.516786 s 
Speicherbedarf:     4.141861 MiB
Berechnungsmethode: Jacobi
Interlines:         64
Stoerfunktion:      f(x,y) = 2pi^2*sin(pi*x)sin(pi*y)
Terminierung:       Anzahl der Iterationen
Anzahl Iterationen: 17140
Norm des Fehlers:   1.334814e-05

Matrix:
 0.0000 0.0000 0.0000 0.0000 0.0000 0.0000 0.0000 0.0000 0.0000
 0.0000 0.0393 0.0727 0.0950 0.1028 0.0950 0.0727 0.0393 0.0000
 0.0000 0.0727 0.1343 0.1755 0.1899 0.1755 0.1343 0.0727 0.0000
 0.0000 0.0950 0.1755 0.2293 0.2482 0.2293 0.1755 0.0950 0.0000
 0.0000 0.1028 0.1899 0.2482 0.2686 0.2482 0.1899 0.1028 0.0000
 0.0000 0.0950 0.1755 0.2293 0.2482 0.2293 0.1755 0.0950 0.0000
 0.0000 0.0727 0.1343 0.1755 0.1899 0.1755 0.1343 0.0727 0.0000
 0.0000 0.0393 0.0727 0.0950 0.1028 0.0950 0.0727 0.0393 0.0000
 0.0000 0.0000 0.0000 0.0000 0.0000 0.0000 0.0000 0.0000 0.0000
