============================================================
Program for calculation of partial differential equations.  
============================================================
(c) Dr. Thomas Ludwig, TU München.
    Thomas A. Zochler, TU München.
    Andreas C. Schmidt, TU München.
============================================================

Berechnungszeit:    55.907323 s 
Speicherbedarf:     16.282486 MiB
Berechnungsmethode: Jacobi
Interlines:         128
Stoerfunktion:      f(x,y) = 2pi^2*sin(pi*x)sin(pi*y)
Terminierung:       Anzahl der Iterationen
Anzahl Iterationen: 17140
Norm des Fehlers:   4.279779e-06

Matrix:
 0.0000 0.0000 0.0000 0.0000 0.0000 0.0000 0.0000 0.0000 0.0000
 0.0000 0.0112 0.0207 0.0270 0.0292 0.0270 0.0207 0.0112 0.0000
 0.0000 0.0207 0.0382 0.0499 0.0540 0.0499 0.0382 0.0207 0.0000
 0.0000 0.0270 0.0499 0.0652 0.0705 0.0652 0.0499 0.0270 0.0000
 0.0000 0.0292 0.0540 0.0705 0.0763 0.0705 0.0540 0.0292 0.0000
 0.0000 0.0270 0.0499 0.0652 0.0705 0.0652 0.0499 0.0270 0.0000
 0.0000 0.0207 0.0382 0.0499 0.0540 0.0499 0.0382 0.0207 0.0000
 0.0000 0.0112 0.0207 0.0270 0.0292 0.0270 0.0207 0.0112 0.0000
 0.0000 0.0000 0.0000 0.0000 0.0000 0.0000 0.0000 0.0000 0.0000
