============================================================
Program for calculation of partial differential equations.  
============================================================
(c) Dr. Thomas Ludwig, TU München.
    Thomas A. Zochler, TU München.
    Andreas C. Schmidt, TU München.
============================================================

Berechnungszeit:    0.188284 s 
Speicherbedarf:     0.025650 MiB
Berechnungsmethode: Jacobi
Interlines:         4
Stoerfunktion:      f(x,y) = 2pi^2*sin(pi*x)sin(pi*y)
Terminierung:       Anzahl der Iterationen
Anzahl Iterationen: 17140
Norm des Fehlers:   0.000000e+00

Matrix:
 0.0000 0.0000 0.0000 0.0000 0.0000 0.0000 0.0000 0.0000 0.0000
 0.0000 0.1465 0.2707 0.3537 0.3829 0.3537 0.2707 0.1465 0.0000
 0.0000 0.2707 0.5003 0.6536 0.7075 0.6536 0.5003 0.2707 0.0000
 0.0000 0.3537 0.6536 0.8540 0.9244 0.8540 0.6536 0.3537 0.0000
 0.0000 0.3829 0.7075 0.9244 1.0005 0.9244 0.7075 0.3829 0.0000
 0.0000 0.3537 0.6536 0.8540 0.9244 0.8540 0.6536 0.3537 0.0000
 0.0000 0.2707 0.5003 0.6536 0.7075 0.6536 0.5003 0.2707 0.0000
 0.0000 0.1465 0.2707 0.3537 0.3829 0.3537 0.2707 0.1465 0.0000
 0.0000 0.0000 0.0000 0.0000 0.0000 0.0000 0.0000 0.0000 0.0000
