============================================================
Program for calculation of partial differential equations.  
============================================================
(c) Dr. Thomas Ludwig, TU München.
    Thomas A. Zochler, TU München.
    Andreas C. Schmidt, TU München.
============================================================

Berechnungszeit:    890.877021 s 
Speicherbedarf:     257.126236 MiB
Berechnungsmethode: Jacobi
Interlines:         512
Stoerfunktion:      f(x,y) = 2pi^2*sin(pi*x)sin(pi*y)
Terminierung:       Anzahl der Iterationen
Anzahl Iterationen: 17140
Norm des Fehlers:   2.915239e-07

Matrix:
 0.0000 0.0000 0.0000 0.0000 0.0000 0.0000 0.0000 0.0000 0.0000
 0.0000 0.0007 0.0014 0.0018 0.0019 0.0018 0.0014 0.0007 0.0000
 0.0000 0.0014 0.0025 0.0033 0.0035 0.0033 0.0025 0.0014 0.0000
 0.0000 0.0018 0.0033 0.0043 0.0046 0.0043 0.0033 0.0018 0.0000
 0.0000 0.0019 0.0035 0.0046 0.0050 0.0046 0.0035 0.0019 0.0000
 0.0000 0.0018 0.0033 0.0043 0.0046 0.0043 0.0033 0.0018 0.0000
 0.0000 0.0014 0.0025 0.0033 0.0035 0.0033 0.0025 0.0014 0.0000
 0.0000 0.0007 0.0014 0.0018 0.0019 0.0018 0.0014 0.0007 0.0000
 0.0000 0.0000 0.0000 0.0000 0.0000 0.0000 0.0000 0.0000 0.0000
